[Priority]
s1=*.sfv
s2=*.m3u
s3=*.nfo
s4=*.diz

[Main]
Options=0001000010000010011010011111111000000101101101110000000010000000000100111010
build=922
SFP=0000
setup=41833
FileExists=000000000
objects=39814
hash=39814
LSS=E9D28D7B7D
ViewStyle=3
Queue=101

[LiveUpdate]
Last=43039

[SiteManager]
Left=414
Top=174
Width=522
Height=342
State=0

[Window]
Left=458
Top=154
Width=700
Height=518
State=1
qTop=0
Queue=1
Status=1
TS=0.5
BS=0.5
CS=0.73634946346283
LTS=0
RTS=0
TVP=683

[StatusWin]
Left=371
Top=323
Width=413
Height=293
State=1
Font="ËÎÌå", 12, [], [clWindowText], 134
OnTop=0
Wrap=0
Color=-2147483643

[QueueWindow]
Left=0
Top=0
Width=501
Height=251
State=0

[QuickConnect]
Left=0
Top=0
Width=390
Height=229
State=0

[CmdWindow]
Y=0.629999995231628
W=454
H=377

[²é¿´Æ÷]
.htm;.html=11F:\OFFICE11\FRONTPG.EXE
*.htm;*.html=11F:\OFFICE11\FRONTPG.EXE
