[六合]
Created=42885.9570031944
IP=118.193.159.21
User=lhc8888
Pass=410B7D9CF856C8C8C49D97
Port=21
Options=3003333000033001103
LocalPath=G:\工具包\编程工具\FTP

[导航]
Created=43022.5940675347
IP=45.113.160.169
User=lys2
Pass=779A55FB1B372B9D86A2
Port=21
LocalPath=C:\Users\win7-01\Desktop\ecshop\ec_xjdv5
Options=3003333000033001103
