[#Total#]
LR=42302.9319359375
TC=742
FU=554499618
FD=163468837
X=0

[ÁùºÏ]
TC=175
LC=43060.883246169
FU=251663343
FD=89786564
XU=0
XD=0

